ii 11010 01 00101110.

818191001110111101 10 8001000011, 00. somerset„ Alliterntivo 008
00011001 3010011] King 808008101111110101, 01 10118 01 8111111011,
00801100001110-1181,0011001] 00. 949 . . 81

877. (101101 1)] King 808108 10 19011110, 011008 01 1801101008, 01·
welfoni, 00. 800110, near 11011101],1001010000100 1008 01
Ρο08]11],10(300011011.0.0.949. . . 29

’ 818. 11000001 01 0 grant 1] King 808108 10 110 111000 1111010, 01 1008

0111110100. 00. 949. . . 31

8· 9 (11001 1)] King 8011008 10111010010181101001110 0018001111, 01
1008 10 1101010 01 111311008101110 8000001810] 00 110
Β.110100,0000110101010011,00.191110. 00. 949 . . 98

880. crant 1)] King 808008 10 0011100101] 0011080011, 01 1110110000· ·
101] 01 1100111000, 00. 8001. 0.0. 949 . . . 99

881. 11018008 10010 01110. 889 . . . 98

888. 1100011] King 80800810 1111111010, “101100”, 01 1008 01 80101000,
00 110 111100 11100010, 00 Βουοωο-00-110190100, 00 1110111000
1910810011, 00. (1100000101. 0.0. 949 . . . 37

889. (100111 1)] King 808008 10 1810101100, “0010000”, 01 1008 01 001-
00080 und 1111800 dun, or Chetwood 008 1111100800, 0081101-
1001001. 01). 949 . . . . . 98

881. 6101111] King 808108 10 11111108, 8010008 “101100”, 01 1008 01
8080000 nell, 018001008001081000011, 00. 81011018. 00. 919. 411

, 885. (10001 1)] 810380800810110111000 18500100, 01 1008 01 80100,

00 01110011 801110, 11) 00. 81011008. 011949. . . 41

000. 010111] king 11111011011101111000011010,0101001111ωο
1011000,(1)00.191110 (810819 100949 . . . 48

887. (10001 1)] King 808008 10 6100100101] Δ110], 01 1008 01 81101110·
0100011, 00. (1100000101. 01). 989 . . . 48

888 (100111 1)] King 808008 10 110 111ομ 1811000, 01 10118 01 1800010180
0011’1011018,οο.Βο0110. 0119480961 . . . 48

889. (10001 1)] 11103 808108 10110ὶὶ00000 811010, 01 10118 01 80011108,
0080018008, 00. Donet. 011961 . . . . 48

891). 1100011] King 808008 10 1901110110, “011100”, 01 1008 01 111000-
1010, 00 11000110οω001180080010108,11000111ομ0100 00 1110 R
8000, 10 11001017, 00. 8108018. 011981 . . . 48

891. (100111 1)] 11103 808008 101101110ςο ,8111001001100801110018
1000, 00 110110000800-00000011, (1) 00. 81011008. 011981 . 10

898. (10001 1] 1110] 808008 10 110 1100)) 19011110, 01 1008 01 citu 100,
0091100010], 00. Barka 00. 911 . . . 81

893. (10001 1)] King 808008 10 81101110, “101100”, 01 1008 01 110880-
8000, 01 11088011010080000000000, 0011001100800. 011981 89

891. (11001 1] 1110] 808108 10 1911110100, 810101) 01 8110010000, 01 1008
01 8101010111, 00 1110 R Yoo, 00. ὓοο001; with 0000101010 10
81001100011110101. m. 99910100. 948019 110001 951 . 84

 

