xviii 6666 or 0666666

11661616616666161 11163 666360 01 166 6066666166 6616066 166
016, Nm, 666 Naum-mmm, 1116066616· , , 116

1161. 0166161 11163 1166366 10 66606131660101 st. Petaer'n 1116 urbo
1066666661”(6616), ot 166661 stantun, οι· 8166106 Prior,
60666661. 1..» 666, , , , , 117

1166, 0666161 11163 66636610 166116060” 1161160661, 01 1666 61
0606016666, or 0606160666,οο Donet. 6,.» 666. , 116

, 116616666106161661160661066016, 616601) 01 1701066106, 10 mel·
6166, 01 16666 61 sanam 666 1160166 (3666116 60616666, oo.
16616101,666 111110», οο, worcester) 6,». 666 ,

1167. Another 1066 01 No. 1166 .

1166, constitutions 01 11163 666361 106 166 6611066111 01 166 swina
01 160 11636166 110616 666 Num 61 166 66666101166 onia

1610636061 6631666.

1166066616111163 666366 10 16163606 16661, 01 1666 61 11660666,
ot Hmhm, ο». 66616 6.». 666

1120.⁴·;10n11;08;·”01 166 1666 61 11666666 366616616
ο

1171. 0666161 mna 66636010 16163606 16661, 01 1666 61 616666,

066666060666116. 6,», 666

1176, 0666161 11163 666366 10 16163606 16601, 01 1666 61 66106-
60616, 00. Beth. 66. 666 ,

1176 0661616163 66636610 st 1036611661 16661, 0661616661,
611661616661666, 00, 11661. 160616». 661ι 666 ,

1 1171 wmorewnmmmm. 6666661171.

1176, 0:2th 111636666636110166166311611661601 bna-tvm
66. ,

⁴ =' 1176,0666161616311663611061666161166,1666661606611113116,01

1666 61 61666666, or 66666661, 6661 011616 6116, 06 166
mm 1661666660606. 66666 ,

1177. 0666161 11163 6636 10 6166110666 61661666(6611116116),01
166661660116616661601. 6.»,6ω . , ,18

117606611660166361,11066606016611616,100601166616661,06,
1166616. 66666 , . Aa?
1176,0661160016666166,16016166010106616066ι1,0616161,1606
6660101666666016666100101166616661,6616661
11661’6061666061,6666616116611’611666661, 66666 , 111
·, 1161116660 106 16666 lim 61 osv-ld. 61660161 1606066166, 16
661161160166661616611μο611’010661666,6,” ,116
1161,16660101166661116661061016,616601611606066106,101“ι
mmwmumdhndncfflordchmmwsmuud·
6106·,,1166,000106666166 6.»,666 , ..111

116116666106166611666610666166166016166666606, 101·-
11606616166·666616,6116666166661166166,6661616611666·
upon-Am. 66666 , , , ,116

 

