xxii 11011 01 comm

1996. 1000101000111011011110, 1111110001 worcester, 10 111

’ 110311 6910110116, 01 1006 11 61000, 6101οΒ11100, 00,
(1100001101, 1,.11 969 , . ,697

1997110110 10111100 111 101 by 01110116, 11111100 01 1101001101,10

1111110016, 01 11116 1171001000·1111,011 110 111101 10110111,
perhaps 1100101111ιο 11111, 00. 1101001101. 10969 . . 698

1939 (111111 by 0111116, 11111100 01 1101001101,10 mma, 01 lud 11
100111ςο160, 01 1110010110, 00, 1101001101. w. 909 . 699

1999. 10011101 111100 11101 by 0011016, 11111100 01 11101011101, 10 111
111030 1116110, 01 11116 11 8111011000, 01 8100011011, 00.
6100001101, 1.0, 969. , . . . 69)

1910111100 101 111100 11101 by 0100116, 1111100 01 1101001101, 10
01111011,0101,011100110 81. 11010111 010101 111111ιο11110,
00111101001101. 1. 0, 969 , ..531

1911,1100.101ο111110011101 by 0111116, 11101100 01 1101001101,10 110
111010 1111110111, 01 land 11 111110011100, 111 1110 110001

61111101, 00. 1101001601. 10. 909 . . . m

1919 lam 101 111100 11101 by 0000116, 11111100 01 11101001101,10
60601001, 01 11116 11 11111011, 01 1111101, 011. xem
10, 969 . . . . . 693

lm laetw 101 11100 11101 by 0111116, 11111100 01 1101001101, 10
11110110, 01 1106 11 1003106000, 01 110ος110, 00 111 R
801010,00.1101001101. 1,0,909 . . . 631

1914. 80101111 10111000 1116910, Abho, 1116 11001110, AM 01
1110101,1010001100110100011011106118611001000 . 68

19461110001111100 01 11001111 0111111ομ011,00.1)0100, 11001
10. 970 . · . . 68

191011111001111100 1)· 1111111110 01 111661 11 Gomon, 00. 1101011.
11101111. 0. 960 . ..68

1917111110011111001101016111 01 cymi· 106 (11011 11 1111601000,
0011 7111111001, 00 11010011101910 . ‚ 53

19191110010111100 by 11163110 01 Angit, daughter 01 11111010, 01
1100110101ς10611011111111001 m 1111011101, 00110100.
1600110. 970

1919, 610011019ἐῖ1( on by Etdufn 01 10011001 11 (2017100. 11001
10, ,

1960111000111110011111111111001 11111011 1116 1101100171οωΜο
111οω001600οη0 00101111, About 1 0, 970.

1961. 6110001111οο 1111161711 01 11011111 .
1969, ,1100010111100111 111611110011111110111 .

19616110001111100 by Endgyffu 01 6101010111101 venem. 11
6116001011, 001 1101οο10611»ωοιῦ .

1961, 1110001106(ιο 01 Εωω16 th· 101111, 106 11111100 106 ti· 0110,
010, 1010 10110001οη , , , . · m

 

